1.000E-03 9.891E-01 1.726E-02 1.939E+03 0.000E+00 0.000E+00 1.940E+03 1.939E+03 
1.500E-03 8.776E-01 3.409E-02 6.138E+02 0.000E+00 0.000E+00 6.147E+02 6.139E+02 
2.000E-03 7.601E-01 5.204E-02 2.647E+02 0.000E+00 0.000E+00 2.656E+02 2.648E+02 
3.000E-03 5.578E-01 8.423E-02 7.867E+01 0.000E+00 0.000E+00 7.931E+01 7.875E+01 
4.000E-03 4.175E-01 1.084E-01 3.268E+01 0.000E+00 0.000E+00 3.320E+01 3.278E+01 
5.000E-03 3.252E-01 1.253E-01 1.637E+01 0.000E+00 0.000E+00 1.682E+01 1.650E+01 
6.000E-03 2.633E-01 1.372E-01 9.252E+00 0.000E+00 0.000E+00 9.653E+00 9.389E+00 
8.000E-03 1.884E-01 1.526E-01 3.722E+00 0.000E+00 0.000E+00 4.063E+00 3.874E+00 
1.000E-02 1.452E-01 1.626E-01 1.821E+00 0.000E+00 0.000E+00 2.129E+00 1.984E+00 
1.500E-02 8.729E-02 1.772E-01 4.901E-01 0.000E+00 0.000E+00 7.545E-01 6.673E-01 
2.000E-02 5.765E-02 1.844E-01 1.910E-01 0.000E+00 0.000E+00 4.331E-01 3.754E-01 
3.000E-02 2.989E-02 1.886E-01 5.006E-02 0.000E+00 0.000E+00 2.685E-01 2.386E-01 
4.000E-02 1.815E-02 1.872E-01 1.924E-02 0.000E+00 0.000E+00 2.246E-01 2.064E-01 
5.000E-02 1.216E-02 1.840E-01 9.146E-03 0.000E+00 0.000E+00 2.053E-01 1.931E-01 
6.000E-02 8.698E-03 1.801E-01 4.976E-03 0.000E+00 0.000E+00 1.938E-01 1.851E-01 
8.000E-02 5.063E-03 1.722E-01 1.904E-03 0.000E+00 0.000E+00 1.792E-01 1.741E-01 
1.000E-01 3.297E-03 1.647E-01 9.049E-04 0.000E+00 0.000E+00 1.689E-01 1.656E-01 
1.500E-01 1.493E-03 1.489E-01 2.374E-04 0.000E+00 0.000E+00 1.507E-01 1.492E-01 
2.000E-01 8.455E-04 1.367E-01 9.331E-05 0.000E+00 0.000E+00 1.377E-01 1.368E-01 
3.000E-01 3.778E-04 1.191E-01 2.615E-05 0.000E+00 0.000E+00 1.195E-01 1.191E-01 
4.000E-01 2.129E-04 1.068E-01 1.116E-05 0.000E+00 0.000E+00 1.070E-01 1.068E-01 
5.000E-01 1.364E-04 9.753E-02 6.000E-06 0.000E+00 0.000E+00 9.767E-02 9.753E-02 
6.000E-01 9.477E-05 9.022E-02 3.731E-06 0.000E+00 0.000E+00 9.031E-02 9.022E-02 
8.000E-01 5.331E-05 7.926E-02 1.882E-06 0.000E+00 0.000E+00 7.931E-02 7.926E-02 
1.000E+00 3.413E-05 7.127E-02 1.170E-06 0.000E+00 0.000E+00 7.131E-02 7.127E-02 
1.022E+00 3.268E-05 7.054E-02 1.079E-06 0.000E+00 0.000E+00 7.057E-02 7.054E-02 
1.250E+00 2.185E-05 6.374E-02 7.325E-07 1.320E-05 0.000E+00 6.377E-02 6.375E-02 
1.500E+00 1.517E-05 5.794E-02 5.319E-07 7.333E-05 0.000E+00 5.803E-02 5.802E-02 
2.000E+00 8.535E-06 4.943E-02 3.357E-07 2.925E-04 0.000E+00 4.973E-02 4.973E-02 
2.044E+00 8.170E-06 4.883E-02 3.248E-07 3.153E-04 0.000E+00 4.915E-02 4.914E-02 
3.000E+00 3.794E-06 3.889E-02 1.884E-07 8.376E-04 1.361E-05 3.975E-02 3.974E-02 
4.000E+00 2.134E-06 3.244E-02 1.296E-07 1.360E-03 5.555E-05 3.386E-02 3.386E-02 
5.000E+00 1.366E-06 2.802E-02 9.850E-08 1.825E-03 1.107E-04 2.996E-02 2.995E-02 
6.000E+00 9.485E-07 2.476E-02 7.927E-08 2.244E-03 1.700E-04 2.718E-02 2.718E-02 
7.000E+00 6.966E-07 2.226E-02 6.630E-08 2.617E-03 2.293E-04 2.510E-02 2.510E-02 
8.000E+00 5.336E-07 2.026E-02 5.693E-08 2.954E-03 2.868E-04 2.350E-02 2.350E-02 
9.000E+00 4.215E-07 1.862E-02 4.989E-08 3.260E-03 3.419E-04 2.222E-02 2.222E-02 
1.000E+01 3.414E-07 1.725E-02 4.439E-08 3.538E-03 3.945E-04 2.118E-02 2.118E-02 
1.100E+01 2.822E-07 1.609E-02 3.995E-08 3.790E-03 4.444E-04 2.033E-02 2.033E-02 
1.200E+01 2.371E-07 1.509E-02 3.633E-08 4.022E-03 4.915E-04 1.961E-02 1.960E-02 
1.300E+01 2.021E-07 1.421E-02 3.331E-08 4.239E-03 5.361E-04 1.899E-02 1.899E-02 
1.400E+01 1.742E-07 1.345E-02 3.075E-08 4.440E-03 5.789E-04 1.847E-02 1.847E-02 
1.500E+01 1.518E-07 1.277E-02 2.855E-08 4.626E-03 6.193E-04 1.801E-02 1.801E-02 
1.600E+01 1.334E-07 1.216E-02 2.665E-08 4.806E-03 6.577E-04 1.762E-02 1.762E-02 
1.800E+01 1.054E-07 1.111E-02 2.351E-08 5.128E-03 7.296E-04 1.697E-02 1.697E-02 
2.000E+01 8.535E-08 1.025E-02 2.104E-08 5.419E-03 7.953E-04 1.646E-02 1.646E-02 
2.200E+01 7.055E-08 9.521E-03 1.903E-08 5.686E-03 8.560E-04 1.606E-02 1.606E-02 
2.400E+01 5.927E-08 8.897E-03 1.737E-08 5.926E-03 9.123E-04 1.573E-02 1.573E-02 
2.600E+01 5.051E-08 8.352E-03 1.598E-08 6.147E-03 9.642E-04 1.546E-02 1.546E-02 
2.800E+01 4.355E-08 7.879E-03 1.479E-08 6.350E-03 1.013E-03 1.524E-02 1.524E-02 
3.000E+01 3.794E-08 7.459E-03 1.377E-08 6.539E-03 1.059E-03 1.506E-02 1.506E-02 
4.000E+01 2.134E-08 5.929E-03 1.024E-08 7.315E-03 1.251E-03 1.450E-02 1.450E-02 
5.000E+01 1.366E-08 4.949E-03 8.143E-09 7.899E-03 1.401E-03 1.425E-02 1.425E-02 
6.000E+01 9.485E-09 4.263E-03 6.762E-09 8.367E-03 1.524E-03 1.415E-02 1.415E-02 
8.000E+01 5.336E-09 3.363E-03 5.050E-09 9.072E-03 1.714E-03 1.415E-02 1.415E-02 
1.000E+02 3.414E-09 2.791E-03 4.028E-09 9.593E-03 1.859E-03 1.424E-02 1.424E-02 
1.500E+02 1.517E-09 1.987E-03 2.675E-09 1.047E-02 2.113E-03 1.457E-02 1.457E-02 
2.000E+02 8.534E-10 1.559E-03 2.003E-09 1.102E-02 2.281E-03 1.486E-02 1.486E-02 
3.000E+02 3.793E-10 1.104E-03 1.333E-09 1.169E-02 2.501E-03 1.529E-02 1.529E-02 
4.000E+02 2.133E-10 8.650E-04 9.986E-10 1.209E-02 2.639E-03 1.559E-02 1.559E-02 
5.000E+02 1.365E-10 7.160E-04 7.985E-10 1.235E-02 2.736E-03 1.581E-02 1.581E-02 
6.000E+02 9.481E-11 6.132E-04 6.652E-10 1.255E-02 2.810E-03 1.597E-02 1.597E-02 
8.000E+02 5.336E-11 4.789E-04 4.984E-10 1.281E-02 2.912E-03 1.620E-02 1.620E-02 
1.000E+03 3.414E-11 3.939E-04 3.988E-10 1.299E-02 2.982E-03 1.636E-02 1.636E-02 
1.500E+03 1.517E-11 2.751E-04 2.658E-10 1.324E-02 3.088E-03 1.660E-02 1.660E-02 
2.000E+03 8.534E-12 2.130E-04 1.993E-10 1.338E-02 3.148E-03 1.674E-02 1.674E-02 
3.000E+03 3.793E-12 1.480E-04 1.328E-10 1.353E-02 3.215E-03 1.690E-02 1.690E-02 
4.000E+03 2.133E-12 1.143E-04 9.960E-11 1.361E-02 3.255E-03 1.698E-02 1.698E-02 
5.000E+03 1.365E-12 9.346E-05 7.967E-11 1.367E-02 3.279E-03 1.704E-02 1.704E-02 
6.000E+03 9.481E-13 7.925E-05 6.638E-11 1.370E-02 3.297E-03 1.708E-02 1.708E-02 
8.000E+03 5.336E-13 6.104E-05 4.980E-11 1.375E-02 3.320E-03 1.713E-02 1.713E-02 
1.000E+04 3.414E-13 4.984E-05 3.984E-11 1.378E-02 3.335E-03 1.717E-02 1.717E-02 
1.500E+04 1.517E-13 3.444E-05 2.656E-11 1.382E-02 3.355E-03 1.721E-02 1.721E-02 
2.000E+04 8.534E-14 2.648E-05 1.992E-11 1.385E-02 3.366E-03 1.724E-02 1.724E-02 
3.000E+04 3.793E-14 1.826E-05 1.328E-11 1.387E-02 3.378E-03 1.727E-02 1.727E-02 
4.000E+04 2.133E-14 1.402E-05 9.960E-12 1.389E-02 3.385E-03 1.728E-02 1.728E-02 
5.000E+04 1.365E-14 1.142E-05 7.967E-12 1.389E-02 3.388E-03 1.729E-02 1.729E-02 
6.000E+04 9.481E-15 9.651E-06 6.638E-12 1.390E-02 3.392E-03 1.730E-02 1.730E-02 
8.000E+04 5.336E-15 7.402E-06 4.980E-12 1.390E-02 3.395E-03 1.731E-02 1.731E-02 
1.000E+05 3.414E-15 6.020E-06 3.984E-12 1.391E-02 3.397E-03 1.731E-02 1.731E-02 